400 8.41281208331162E-006 0.15 Wavelenght(nm) W/m**2/str/nm/SAND-3 integration_time(s)
405 7.93437238373667E-006  
410 8.05009137217849E-006  
415 0.000007258  
420 7.0442928676837E-006  
425 6.5711994825431E-006  
430 5.87265226017721E-006  
435 5.19056277991465E-006  
440 5.00972089715347E-006  
445 0.000004669  
450 4.68978394113278E-006  
455 4.66764737114703E-006  
460 0.000004486  
465 4.42372773891738E-006  
470 4.32260358567644E-006  
475 4.27857786112702E-006  
480 4.09628512915221E-006  
485 3.93184174557565E-006  
490 3.8446019200362E-006  
495 3.64081920726541E-006  
500 0.000003423  
505 3.42216738491499E-006  
510 3.31184409919824E-006  
515 3.20175867734439E-006  
520 3.11955000527097E-006  
525 3.05035801606165E-006  
530 0.000002915  
535 2.91127809583346E-006  
540 2.82852226499826E-006  
545 2.81249284025039E-006  
550 2.75919445749315E-006  
555 2.72812897553727E-006  
560 2.69957354811153E-006  
565 2.69861794835319E-006  
570 0.000002652  
575 2.67528791871589E-006  
580 2.6179107566759E-006  
585 2.56317096777105E-006  
590 2.50219638667872E-006  
595 2.51612176598893E-006  
600 2.46286522994492E-006  
605 2.48583561176124E-006  
610 2.52480388599822E-006  
615 2.546362849309E-006  
620 2.54742626227413E-006  
625 2.56931154535903E-006  
630 2.59587655095393E-006  
635 2.62979883686295E-006  
640 2.63753245099474E-006  
645 2.65835136910973E-006  
650 2.65261559008119E-006  
655 2.66973633584131E-006  
660 2.69209671292039E-006  
665 2.74739415921982E-006  
670 0.000002786  
675 2.92729752052645E-006  
680 2.98957265909632E-006  
685 3.00990402848813E-006  
690 0.000003052  
695 0.000003087  
700 3.04735846612112E-006  
705 3.14753218499121E-006  
710 3.16239078330109E-006  
715 3.18127441706816E-006  
720 0.000003239  
725 3.17342075868393E-006  
730 3.24129232181834E-006  
